       1043.0000
       970.00000
       968.00000
       964.00000
       994.00000
       1035.0000
       1032.0000
       1049.0000
       988.00000
       1035.0000
       996.00000
       959.00000
       1020.0000
       978.00000
       969.00000
       994.67334
       1038.0638
       1111.4052
       1199.3253
       1205.8503
       1149.7499
       1164.6727
       1218.4019
       1154.3859
       1150.5436
       1168.2454
       1142.3878
       1130.5060
       1083.8737
       1069.5920
       1046.6539
       1031.9883
       1078.4917
       1001.0482
       971.53931
       1023.8526
       1049.8849
       972.54358
       1011.7451
       1019.4183
       1035.4999
       940.93542
       1007.6779
       1001.6869
       987.92767
       1015.3701
       1011.9884
       962.75995
       982.66620
       975.69012
       1031.8180
       1020.0366
       971.33569
       974.70593
       956.13873
       934.62738
       1024.1655
       996.74768
       995.36914
       945.02533
       981.71313
       951.42938
       1009.1705
       987.93427
       995.71863
       970.52148
       912.34058
       985.17499
       1002.0225
       948.88293
       964.75446
       1013.6360
       971.52686
       1005.4265
       954.33344
       987.24707
       915.16748
       1013.0939
       996.02539
       995.96198
       1011.9031
       965.84827
       1025.7974
       953.74988
       1023.7059
       956.66461
       977.62634
       985.59064
       1009.5571
       961.52557
       927.49652
       972.46906
       992.44336
       977.41937
       955.39679
       966.37567
       976.35571
       964.33704
       1050.3193
       914.30298
       982.28748
       949.27283
       1012.2592
       1022.2461
       919.23389
       951.22229
       971.21143
       960.20117
       974.19128
       967.18231
       949.17352
       998.16534
       940.15741
       958.15009
       933.14307
       975.13647
       1000.1302
       963.12433
       1005.1187
       972.11340
       980.10815
       993.10345
       957.09882
       991.09460
       965.09045
       953.08655
       963.08276
       977.07910
       992.07574
       1001.0725
       942.06952
       972.06659
       959.06384
       1033.0612
       1011.0586
       972.05621
       954.05371
       1006.0518
       994.04944
       923.04761
       999.04565
       936.04382
       947.04193
       991.04028
       946.03864
       987.03723
       984.03577
       929.03436
       1020.0328
       1008.0317
       997.03070
       978.02936
       1010.0283
       935.02722
       965.02625
       946.02521
       1002.0243
       1006.0234
       1057.0225
       978.02155
       977.02094
       968.02008
       956.01941
       968.01874
       945.01807
       947.01740
       971.01672
       943.01617
       975.01562
       971.01495
